9487480	   -1.0	   -1.0	    0.0	...
9487481	   -1.0	   -1.0	    0.0	...
9487482	   -1.0	   -1.0	    0.0	...
9487483	   -1.0	   -1.0	    0.0	...
9487484	   -1.0	   -1.0	    0.0	...
9487485	   -1.0	   -1.0	    0.0	...
9487486	   -1.0	   -1.0	    0.0	...
9487487	   -1.0	   -1.0	    0.0	...
9487488	   -1.0	   -1.0	    0.0	...
9487489	   -1.0	   -1.0	    0.0	...
9487490	   -1.0	   -1.0	    0.0	...
9487491	   -1.0	   -1.0	    0.0	...
9487492	   -1.0	   -1.0	    0.0	...
9487493	   -1.0	   -1.0	    0.0	...
9487494	   -1.0	   -1.0	    0.0	...
9487495	   -1.0	   -1.0	    0.0	...
9487496	   -1.0	   -1.0	    0.0	...
9487497	  825.6	  377.7	10002.0	...
9487498	  818.4	  365.2	10002.0	...
9487499	  808.8	  364.4	10160.0	...
9487500	  624.0	  335.4	10160.0	...
9487501	  624.0	  335.4	10040.0	...
9487502	   -1.0	   -1.0	    0.0	...
9487503	   -1.0	   -1.0	    0.0	...
9487504	   -1.0	   -1.0	    0.0	...
9487505	   -1.0	   -1.0	    0.0	...
9487506	   -1.0	   -1.0	    0.0	...
9487507	   -1.0	   -1.0	    0.0	...
9487508	   -1.0	   -1.0	    0.0	...
9487509	  599.7	  344.1	10020.0	...
9487510	  696.3	  361.8	 9914.0	...
9487511	  774.0	  416.7	 9884.0	...
9487512	  860.4	  425.9	 9854.0	...
9487513	   -1.0	   -1.0	    0.0	...
9487514	   -1.0	   -1.0	    0.0	...
9487515	   -1.0	   -1.0	    0.0	...
9487516	  821.8	  296.2	10020.0	...
9487517	  821.8	  296.2	10020.0	...
9487518	  821.8	  296.2	10020.0	...
9487519	  816.7	  505.9	 9716.0	...
9487520	  856.8	  509.1	 9412.0	...
9487521	  826.4	  594.4	 9462.0	...
9487522	  796.1	  679.4	 9448.0	...
9487523	  784.0	  699.8	 9433.0	...
9487524	  784.0	  699.8	 9427.0	...
9487525	  795.5	  700.4	 9427.0	...
9487526	  796.5	  697.2	 9430.0	...
9487527	  775.7	  696.1	 9433.0	...
9487528	  775.5	  696.6	 9440.0	...
9487529	  797.3	  697.7	 9440.0	...
9487530	  798.1	  695.2	 9439.0	...
9487531	  798.1	  695.2	 9438.0	...
9487532	  799.5	  690.7	 9455.0	...
9487533	  791.2	  691.7	 9455.0	...
9487534	  791.2	  691.7	 9468.0	...
9487535	  800.0	  692.1	 9468.0	...
9487536	  799.2	  694.6	 9469.0	...
9487537	  800.1	  697.2	 9469.0	...
9487538	  799.5	  699.1	 9448.0	...
9487539	  797.4	  699.4	 9425.0	...
9487540	  797.3	  699.8	 9425.0	...
9487541	  797.3	  699.8	 9427.0	...
9487542	  772.8	  697.0	 9427.0	...
9487543	  773.2	  697.0	 9427.0	...
9487544	  772.4	  700.4	 9439.0	...
9487545	  773.1	  700.4	 9442.0	...
9487546	  779.6	  682.9	 9444.0	...
9487547	  797.0	  683.9	 9444.0	...
9487548	  797.0	  683.9	 9478.0	...
9487549	  798.4	  679.8	 9478.0	...
9487550	  782.5	  680.4	 9478.0	...
9487551	  782.5	  680.5	 9489.0	...
9487552	  785.9	  680.8	 9489.0	...
9487553	  779.9	  699.8	 9483.0	...
9487554	  779.9	  699.8	 9488.0	...
9487555	  784.5	  681.4	 9494.0	...
9487556	  787.2	  681.5	 9494.0	...
9487557	  784.4	  698.3	 9493.0	...
9487558	  782.0	  698.1	 9493.0	...
9487559	  784.7	  682.4	 9495.0	...
9487560	  791.2	  682.8	 9498.0	...
9487561	  797.2	  684.5	 9498.0	...
9487562	  802.9	  684.8	 9508.0	...
9487563	  801.2	  689.7	 9508.0	...
9487564	  790.8	  689.2	 9495.0	...
9487565	  796.0	  689.5	 9495.0	...
9487566	  800.5	  689.0	 9467.0	...
9487567	  800.7	  688.3	 9467.0	...
9487568	  788.7	  690.2	 9503.0	...
9487569	  789.3	  690.3	 9503.0	...
9487570	  788.0	  696.2	 9487.0	...
9487571	  788.0	  696.2	 9487.0	...
9487572	  784.4	  701.0	 9487.0	...
9487573	  784.2	  701.0	 9483.0	...
9487574	  784.1	  701.2	 9478.0	...
9487575	  785.8	  701.3	 9477.0	...
9487576	  790.9	  701.5	 9476.0	...
9487577	  790.9	  701.5	 9476.0	...
9487578	  798.4	  679.3	 9468.0	...
9487579	  790.0	  678.9	 9468.0	...
9487580	  783.1	  699.4	 9462.0	...
9487581	  783.1	  699.4	 9462.0	...
9487582	  780.1	  699.3	 9457.0	...
9487583	  776.7	  700.3	 9457.0	...
9487584	  776.7	  700.3	 9464.0	...
9487585	  786.7	  700.8	 9489.0	...
9487586	  787.7	  697.7	 9489.0	...
9487587	  792.5	  697.9	 9460.0	...
9487588	  792.1	  699.2	 9460.0	...
9487589	  791.0	  700.4	 9470.0	...
9487590	  788.9	  705.0	 9470.0	...
9487591	  774.0	  704.2	 9489.0	...
9487592	  773.8	  704.8	 9489.0	...
9487593	  784.0	  705.3	 9482.0	...
9487594	  784.6	  703.2	 9474.0	...
9487595	  784.7	  703.0	 9479.0	...
9487596	  783.0	  702.7	 9484.0	...
9487597	  787.4	  689.4	 9484.0	...
9487598	  797.7	  689.9	 9483.0	...
9487599	  795.8	  695.8	 9482.0	...
9487600	  795.8	  700.1	 9474.0	...
9487601	  795.8	  700.1	 9474.0	...
9487602	  799.1	  686.6	 9474.0	...
9487603	  798.9	  686.6	 9474.0	...
9487604	  796.8	  692.7	 9474.0	...
9487605	  796.8	  692.7	 9480.0	...
9487606	  798.5	  687.7	 9486.0	...
9487607	  797.4	  687.6	 9481.0	...
9487608	  797.2	  684.7	 9481.0	...
9487609	  783.1	  681.0	 9532.0	...
9487610	  783.1	  681.0	 9532.0	...
9487611	  781.7	  693.7	 9498.0	...
9487612	  784.4	  693.8	 9498.0	...
9487613	  799.1	  676.5	 9499.0	...
9487614	  799.1	  676.5	 9499.0	...
9487615	  795.5	  690.0	 9483.0	...
9487616	  796.4	  690.0	 9483.0	...
9487617	  797.5	  686.8	 9483.0	...
9487618	  785.7	  686.2	 9487.0	...
9487619	  785.1	  688.1	 9487.0	...
9487620	  784.4	  688.1	 9487.0	...
9487621	  780.5	  697.6	 9490.0	...
9487622	  778.1	  694.0	 9492.0	...
9487623	  775.0	  693.9	 9520.0	...
9487624	  780.8	  690.7	 9520.0	...
9487625	  786.8	  687.5	 9520.0	...
9487626	  786.8	  687.5	 9520.0	...
9487627	  786.8	  687.8	 9484.0	...
9487628	  784.7	  688.0	 9484.0	...
9487629	  784.7	  690.2	 9484.0	...
9487630	  786.9	  685.6	 9484.0	...
9487631	  797.9	  686.5	 9500.0	...
9487632	  797.9	  686.7	 9515.0	...
9487633	  797.0	  705.4	 9511.0	...
9487634	  797.0	  705.4	 9506.0	...
9487635	  792.9	  698.1	 9520.0	...
9487636	  774.9	  697.2	 9518.0	...
9487637	  774.9	  697.2	 9516.0	...
9487638	  788.5	  698.0	 9517.0	...
9487639	  788.5	  698.0	 9517.0	...
9487640	  786.4	  697.2	 9517.0	...
9487641	  784.4	  696.4	 9517.0	...
9487642	  769.2	  694.8	 9526.0	...
9487643	  769.2	  694.8	 9526.0	...
9487644	  789.1	  696.9	 9522.0	...
9487645	  789.1	  696.9	 9518.0	...
9487646	  786.0	  696.7	 9497.0	...
9487647	  784.1	  693.1	 9504.0	...
9487648	  776.7	  692.7	 9504.0	...
9487649	  778.2	  687.9	 9511.0	...
9487650	  778.2	  687.9	 9511.0	...
9487651	  777.4	  681.6	 9511.0	...
9487652	  778.1	  681.2	 9504.0	...
9487653	  778.7	  681.3	 9504.0	...
9487654	  799.9	  701.1	 9504.0	...
9487655	  800.0	  700.8	 9510.0	...
9487656	  802.4	  700.5	 9514.0	...
9487657	  806.3	  688.7	 9514.0	...
9487658	  803.2	  688.5	 9514.0	...
9487659	  796.8	  698.5	 9520.0	...
9487660	  766.5	  697.0	 9527.0	...
9487661	  766.3	  697.7	 9555.0	...
9487662	  772.5	  698.7	 9555.0	...
9487663	  768.7	  702.5	 9559.0	...
9487664	  768.7	  702.5	 9559.0	...
9487665	  773.9	  688.4	 9551.0	...
9487666	  774.5	  688.6	 9544.0	...
9487667	  787.5	  689.4	 9534.0	...
9487668	  785.8	  688.5	 9524.0	...
9487669	  783.9	  688.4	 9524.0	...
9487670	  773.0	  696.0	 9524.0	...
9487671	  773.0	  696.0	 9538.0	...
9487672	  787.2	  705.3	 9535.0	...
9487673	  787.2	  705.3	 9535.0	...
9487674	  786.8	  706.4	 9535.0	...
9487675	  788.6	  706.5	 9535.0	...
9487676	  789.8	  703.0	 9535.0	...
9487677	  789.5	  704.8	 9536.0	...
9487678	  789.9	  704.8	 9536.0	...
9487679	  791.6	  703.0	 9542.0	...
9487680	  792.2	  701.1	 9542.0	...
9487681	  782.9	  703.8	 9542.0	...
9487682	  782.9	  703.8	 9546.0	...
9487683	  788.9	  701.9	 9551.0	...
9487684	  794.9	  700.1	 9556.0	...
9487685	  798.9	  701.0	 9554.0	...
9487686	  798.7	  701.6	 9553.0	...
9487687	  803.8	  701.8	 9540.0	...
9487688	  801.5	  708.6	 9541.0	...
9487689	  799.8	  708.5	 9542.0	...
9487690	  799.8	  702.9	 9527.0	...
9487691	  798.8	  697.2	 9527.0	...
9487692	  798.6	  697.2	 9533.0	...
9487693	  796.9	  702.2	 9540.0	...
9487694	  780.2	  700.7	 9540.0	...
9487695	  780.3	  700.2	 9557.0	...
9487696	  780.3	  700.2	 9557.0	...
9487697	  782.7	  701.5	 9554.0	...
9487698	  782.7	  701.5	 9552.0	...
9487699	  778.4	  695.8	 9552.0	...
9487700	  779.6	  692.1	 9552.0	...
9487701	  779.4	  692.9	 9553.0	...
9487702	  783.8	  694.0	 9537.0	...
9487703	  786.2	  687.2	 9537.0	...
9487704	  785.4	  690.1	 9556.0	...
9487705	  780.2	  692.7	 9548.0	...
9487706	  778.4	  698.2	 9540.0	...
9487707	  796.1	  706.8	 9521.0	...
9487708	  796.1	  706.8	 9521.0	...
9487709	  791.5	  705.1	 9528.0	...
9487710	  792.0	  703.5	 9528.0	...
9487711	  785.4	  703.2	 9518.0	...
9487712	  783.1	  710.3	 9513.0	...
9487713	  780.4	  710.1	 9513.0	...
9487714	  782.8	  702.7	 9551.0	...
9487715	  793.9	  691.9	 9551.0	...
9487716	  794.3	  691.9	 9551.0	...
9487717	  792.7	  696.9	 9544.0	...
9487718	  793.2	  695.3	 9544.0	...
9487719	  793.3	  695.1	 9555.0	...
9487720	  789.5	  694.9	 9540.0	...
9487721	  788.3	  692.1	 9546.0	...
9487722	  788.3	  692.1	 9553.0	...
9487723	  786.4	  698.0	 9546.0	...
9487724	  788.6	  700.4	 9546.0	...
9487725	  792.4	  698.4	 9556.0	...
9487726	  788.5	  698.2	 9556.0	...
9487727	  788.4	  698.8	 9551.0	...
9487728	  782.8	  698.5	 9551.0	...
9487729	  782.8	  698.5	 9551.0	...
9487730	  783.7	  701.6	 9551.0	...
9487731	  785.6	  701.7	 9569.0	...
9487732	  784.4	  701.5	 9577.0	...
9487733	  783.3	  701.3	 9577.0	...
9487734	  781.3	  702.4	 9577.0	...
9487735	  779.4	  703.5	 9591.0	...
9487736	  780.4	  703.5	 9591.0	...
9487737	  781.8	  702.2	 9590.0	...
9487738	  786.9	  701.1	 9589.0	...
9487739	  787.2	  700.1	 9582.0	...
9487740	  770.3	  698.2	 9582.0	...
9487741	  769.7	  700.0	 9603.0	...
9487742	  779.4	  700.5	 9603.0	...
9487743	  786.0	  702.8	 9581.0	...
9487744	  786.0	  702.8	 9581.0	...
9487745	  789.8	  694.1	 9555.0	...
9487746	  789.8	  693.9	 9557.0	...
9487747	  775.7	  693.1	 9558.0	...
9487748	  772.5	  702.8	 9590.0	...
9487749	  766.9	  702.5	 9590.0	...
9487750	  767.2	  701.6	 9590.0	...
9487751	  776.1	  701.1	 9550.0	...
9487752	  777.1	  698.0	 9550.0	...
9487753	  776.7	  696.0	 9592.0	...
9487754	  775.7	  695.9	 9592.0	...
9487755	  774.8	  698.6	 9587.0	...
9487756	  775.9	  697.5	 9582.0	...
9487757	  777.0	  696.5	 9562.0	...
9487758	  777.0	  696.5	 9562.0	...
9487759	  777.3	  695.5	 9583.0	...
9487760	  789.3	  696.0	 9583.0	...
9487761	  789.3	  696.0	 9590.0	...
9487762	  789.0	  696.9	 9591.0	...
9487763	  788.5	  696.9	 9592.0	...
9487764	  786.4	  702.1	 9592.0	...
9487765	  787.6	  702.2	 9579.0	...
9487766	  789.9	  695.4	 9558.0	...
9487767	  789.2	  695.4	 9546.0	...
9487768	  784.4	  707.8	 9546.0	...
9487769	  783.3	  710.1	 9557.0	...
9487770	  783.3	  710.1	 9557.0	...
9487771	  784.4	  706.8	 9558.0	...
9487772	  784.6	  706.2	 9558.0	...
9487773	  795.1	  706.1	 9570.0	...
9487774	  800.4	  702.9	 9570.0	...
9487775	  800.4	  702.9	 9570.0	...
9487776	  796.2	  715.0	 9562.0	...
9487777	  795.1	  717.5	 9563.0	...
9487778	  789.6	  717.2	 9565.0	...
9487779	  784.9	  714.8	 9565.0	...
9487780	  788.0	  705.0	 9575.0	...
9487781	  792.1	  701.3	 9585.0	...
9487782	  793.3	  699.2	 9587.0	...
9487783	  793.3	  699.2	 9587.0	...
9487784	  791.7	  704.1	 9587.0	...
9487785	  785.6	  703.8	 9587.0	...
9487786	  786.4	  700.7	 9569.0	...
9487787	  787.0	  698.9	 9569.0	...
9487788	  787.0	  698.9	 9569.0	...
9487789	  790.4	  689.5	 9585.0	...
9487790	  790.7	  689.5	 9589.0	...
9487791	  786.1	  691.3	 9589.0	...
9487792	  781.6	  693.2	 9563.0	...
9487793	  775.5	  712.2	 9563.0	...
9487794	  789.5	  712.9	 9563.0	...
9487795	  795.0	  701.9	 9589.0	...
9487796	  795.0	  701.9	 9589.0	...
9487797	  786.1	  701.4	 9591.0	...
9487798	  777.8	  700.1	 9591.0	...
9487799	  777.8	  700.1	 9608.0	...
9487800	  780.8	  699.3	 9608.0	...
9487801	  783.5	  699.4	 9589.0	...
9487802	  786.9	  699.6	 9584.0	...
9487803	  786.4	  699.6	 9580.0	...
9487804	  785.2	  701.3	 9580.0	...
9487805	  784.5	  701.3	 9585.0	...
9487806	  786.1	  696.5	 9591.0	...
9487807	  786.1	  696.5	 9591.0	...
9487808	  785.5	  698.2	 9595.0	...
9487809	  783.5	  699.8	 9595.0	...
9487810	  784.8	  696.0	 9591.0	...
9487811	  795.8	  696.6	 9587.0	...
9487812	  795.8	  688.8	 9600.0	...
9487813	  793.3	  688.7	 9600.0	...
9487814	  787.5	  706.3	 9553.0	...
9487815	  788.9	  703.8	 9553.0	...
9487816	  789.5	  702.0	 9552.0	...
9487817	  787.1	  701.9	 9552.0	...
9487818	  787.1	  701.9	 9552.0	...
9487819	  792.6	  702.3	 9551.0	...
9487820	  792.5	  702.5	 9551.0	...
9487821	  780.0	  701.7	 9557.0	...
9487822	  780.0	  701.7	 9562.0	...
9487823	  785.9	  702.0	 9562.0	...
9487824	  791.2	  703.3	 9562.0	...
9487825	  790.8	  704.3	 9547.0	...
9487826	  790.8	  704.3	 9547.0	...
9487827	  792.5	  699.3	 9555.0	...
9487828	  793.4	  699.3	 9560.0	...
9487829	  794.2	  696.8	 9577.0	...
9487830	  778.2	  693.5	 9577.0	...
9487831	  775.8	  700.9	 9577.0	...
9487832	  774.4	  708.4	 9579.0	...
9487833	  775.3	  708.4	 9581.0	...
9487834	  777.5	  701.4	 9583.0	...
9487835	  777.7	  701.0	 9584.0	...
9487836	  793.2	  701.3	 9601.0	...
9487837	  795.1	  695.5	 9653.0	...
9487838	  781.5	  698.7	 9653.0	...
9487839	  781.5	  698.6	 9619.0	...
9487840	  783.6	  698.5	 9607.0	...
9487841	  787.6	  690.6	 9607.0	...
9487842	  787.6	  690.6	 9607.0	...
9487843	  789.1	  692.3	 9605.0	...
9487844	  796.3	  694.3	 9605.0	...
9487845	  795.7	  696.2	 9603.0	...
9487846	  792.7	  697.9	 9602.0	...
9487847	  792.2	  698.5	 9599.0	...
9487848	  791.0	  701.6	 9599.0	...
9487849	  787.3	  701.4	 9599.0	...
9487850	  787.3	  701.4	 9624.0	...
9487851	  787.3	  701.4	 9624.0	...
9487852	  787.7	  703.7	 9624.0	...
9487853	  788.8	  703.7	 9620.0	...
9487854	  803.1	  701.7	 9620.0	...
9487855	  803.2	  701.2	 9608.0	...
9487856	  793.7	  700.7	 9608.0	...
9487857	  792.9	  700.6	 9605.0	...
9487858	  792.1	  700.6	 9606.0	...
9487859	  790.1	  698.8	 9607.0	...
9487860	  793.6	  699.0	 9607.0	...
9487861	  791.5	  705.5	 9579.0	...
9487862	  792.5	  705.6	 9561.0	...
9487863	  792.1	  706.8	 9561.0	...
9487864	  779.2	  706.2	 9556.0	...
9487865	  779.1	  706.7	 9556.0	...
9487866	  801.4	  707.9	 9560.0	...
9487867	  802.5	  704.6	 9563.0	...
9487868	  800.1	  704.5	 9573.0	...
9487869	  798.0	  703.2	 9571.0	...
9487870	  799.7	  703.3	 9571.0	...
9487871	  800.7	  703.3	 9607.0	...
9487872	  800.2	  704.9	 9607.0	...
9487873	  798.9	  706.5	 9602.0	...
9487874	  798.0	  706.4	 9602.0	...
9487875	  793.3	  705.2	 9598.0	...
9487876	  788.5	  703.9	 9598.0	...
9487877	  784.0	  704.6	 9591.0	...
9487878	  780.6	  704.5	 9591.0	...
9487879	  782.8	  704.6	 9599.0	...
9487880	  783.5	  709.3	 9582.0	...
9487881	  783.5	  709.3	 9582.0	...
9487882	  786.9	  695.1	 9593.0	...
9487883	  786.9	  695.1	 9604.0	...
9487884	  785.7	  695.0	 9642.0	...
9487885	  782.0	  706.5	 9642.0	...
9487886	  777.4	  704.8	 9642.0	...
9487887	  777.8	  703.6	 9632.0	...
9487888	  777.8	  703.6	 9637.0	...
9487889	  782.8	  703.1	 9637.0	...
9487890	  783.1	  702.3	 9637.0	...
9487891	  792.4	  692.8	 9637.0	...
9487892	  792.4	  692.8	 9637.0	...
9487893	  791.1	  689.2	 9637.0	...
9487894	  790.9	  689.2	 9636.0	...
9487895	  785.0	  707.0	 9636.0	...
9487896	  789.1	  707.3	 9601.0	...
9487897	  789.3	  706.6	 9601.0	...
9487898	  786.2	  706.4	 9601.0	...
9487899	  786.2	  706.4	 9602.0	...
9487900	  790.8	  705.9	 9629.0	...
9487901	  790.0	  705.9	 9629.0	...
9487902	  790.0	  705.9	 9629.0	...
9487903	  791.4	  701.7	 9636.0	...
9487904	  794.5	  701.9	 9644.0	...
9487905	  792.4	  708.5	 9654.0	...
9487906	  773.3	  707.5	 9649.0	...
9487907	  774.5	  703.7	 9644.0	...
9487908	  775.1	  703.7	 9647.0	...
9487909	  775.1	  703.7	 9649.0	...
9487910	  758.8	  695.6	 9651.0	...
9487911	  750.1	  695.1	 9651.0	...
9487912	  738.6	  697.2	 9658.0	...
9487913	  721.6	  698.9	 9659.0	...
9487914	  686.6	  696.9	 9659.0	...
9487915	  689.5	  686.4	 9678.0	...
9487916	  674.5	  685.4	 9681.0	...
9487917	  674.5	  685.4	 9681.0	...
9487918	  639.5	  683.8	 9661.0	...
9487919	  633.2	  683.3	 9661.0	...
9487920	  612.3	  681.6	 9658.0	...
9487921	  597.3	  690.5	 9658.0	...
9487922	  582.9	  694.6	 9652.0	...
9487923	  581.8	  690.9	 9652.0	...
9487924	  580.1	  690.8	 9639.0	...
9487925	  579.4	  690.7	 9639.0	...
9487926	  573.7	  695.0	 9636.0	...
9487927	  571.2	  695.8	 9636.0	...
9487928	  571.1	  697.0	 9658.0	...
9487929	  588.4	  698.5	 9658.0	...
9487930	  588.8	  695.6	 9658.0	...
9487931	  587.8	  702.4	 9656.0	...
9487932	  601.9	  703.6	 9653.0	...
9487933	  602.4	  700.6	 9618.0	...
9487934	  603.0	  697.7	 9618.0	...
9487935	  609.2	  686.2	 9672.0	...
9487936	  625.9	  687.5	 9672.0	...
9487937	  625.9	  687.5	 9672.0	...
9487938	  619.9	  690.5	 9678.0	...
9487939	  619.2	  693.8	 9678.0	...
9487940	  619.2	  693.8	 9680.0	...
9487941	  626.7	  685.9	 9680.0	...
9487942	  627.8	  680.9	 9625.0	...
9487943	  620.8	  680.4	 9625.0	...
9487944	  610.6	  692.7	 9633.0	...
9487945	  610.6	  692.7	 9640.0	...
9487946	  621.3	  692.4	 9641.0	...
9487947	  622.5	  692.5	 9641.0	...
9487948	  621.0	  700.0	 9633.0	...
9487949	  618.4	  699.8	 9625.0	...
9487950	  618.6	  684.4	 9625.0	...
9487951	  612.2	  683.9	 9630.0	...
9487952	  601.3	  683.6	 9634.0	...
9487953	  601.2	  684.2	 9634.0	...
9487954	  610.0	  694.6	 9634.0	...
9487955	  610.0	  694.6	 9634.0	...
9487956	  613.6	  679.0	 9634.0	...
9487957	  613.6	  679.0	 9634.0	...
9487958	  605.5	  680.1	 9613.0	...
9487959	  602.9	  694.9	 9613.0	...
9487960	  597.4	  694.5	 9613.0	...
9487961	  599.0	  684.9	 9648.0	...
9487962	  608.7	  675.0	 9648.0	...
9487963	  616.7	  675.7	 9642.0	...
9487964	  616.9	  674.6	 9642.0	...
9487965	  616.9	  674.6	 9642.0	...
9487966	  617.9	  680.5	 9642.0	...
9487967	  618.9	  686.3	 9641.0	...
9487968	  619.1	  685.2	 9639.0	...
9487969	  614.6	  683.6	 9636.0	...
9487970	  613.9	  683.6	 9633.0	...
9487971	  613.1	  683.5	 9642.0	...
9487972	  598.4	  679.9	 9642.0	...
9487973	  598.8	  677.6	 9634.0	...
9487974	  606.6	  678.3	 9626.0	...
9487975	  606.6	  678.6	 9589.0	...
9487976	  608.4	  679.0	 9589.0	...
9487977	  605.8	  693.0	 9589.0	...
9487978	  603.1	  691.2	 9589.0	...
9487979	  603.4	  689.7	 9597.0	...
9487980	  602.5	  695.2	 9605.0	...
9487981	  603.6	  695.3	 9605.0	...
9487982	  605.4	  691.1	 9567.0	...
9487983	  605.9	  686.9	 9567.0	...
9487984	  606.2	  685.2	 9567.0	...
9487985	  606.2	  685.2	 9565.0	...
9487986	  606.4	  683.9	 9565.0	...
9487987	  605.1	  683.8	 9565.0	...
9487988	  605.1	  683.8	 9556.0	...
9487989	  601.4	  677.8	 9575.0	...
9487990	  596.9	  676.7	 9575.0	...
9487991	  596.9	  676.7	 9535.0	...
9487992	  602.2	  692.4	 9530.0	...
9487993	  602.4	  701.3	 9525.0	...
9487994	  604.7	  701.4	 9524.0	...
9487995	  606.3	  692.5	 9524.0	...
9487996	  613.3	  693.1	 9532.0	...
9487997	  614.2	  688.6	 9526.0	...
9487998	  605.4	  687.8	 9521.0	...
9487999	  601.2	  686.3	 9516.0	...
9488000	  601.4	  685.2	 9511.0	...
9488001	  605.9	  687.3	 9502.0	...
9488002	  605.9	  687.3	 9504.0	...
9488003	  609.1	  689.8	 9504.0	...
9488004	  611.4	  692.3	 9483.0	...
9488005	  610.3	  698.6	 9472.0	...
9488006	  610.7	  696.4	 9472.0	...
9488007	  607.3	  693.8	 9481.0	...
9488008	  601.4	  691.9	 9481.0	...
9488009	  597.7	  690.1	 9486.0	...
9488010	  597.4	  687.7	 9486.0	...
9488011	  597.4	  687.7	 9425.0	...
9488012	  595.7	  684.5	 9425.0	...
9488013	  596.2	  681.5	 9429.0	...
9488014	  599.7	  681.8	 9429.0	...
9488015	  599.5	  679.1	 9421.0	...
9488016	  599.5	  679.1	 9412.0	...
9488017	  598.1	  679.4	 9369.0	...
9488018	  598.1	  679.7	 9369.0	...
9488019	  607.6	  682.1	 9354.0	...
9488020	  607.4	  682.8	 9339.0	...
9488021	  605.6	  683.5	 9339.0	...
9488022	  615.9	  678.9	 9354.0	...
9488023	  616.1	  677.6	 9354.0	...
9488024	  616.7	  677.6	 9345.0	...
9488025	  614.6	  688.5	 9341.0	...
9488026	  599.8	  683.9	 9337.0	...
9488027	  600.3	  680.5	 9342.0	...
9488028	  602.7	  679.8	 9342.0	...
9488029	  604.9	  680.0	 9299.0	...
9488030	  605.3	  677.9	 9292.0	...
9488031	  608.0	  676.0	 9274.0	...
9488032	  608.1	  676.0	 9272.0	...
9488033	  609.1	  670.6	 9268.0	...
9488034	  604.3	  670.5	 9268.0	...
9488035	  605.9	  670.7	 9286.0	...
9488036	  604.0	  681.0	 9286.0	...
9488037	  591.2	  682.1	 9246.0	...
9488038	  590.7	  682.1	 9244.0	...
9488039	  590.7	  682.1	 9243.0	...
9488040	  601.9	  677.3	 9239.0	...
9488041	  607.4	  672.1	 9235.0	...
9488042	  607.4	  672.1	 9235.0	...
9488043	  603.3	  682.4	 9217.0	...
9488044	  602.3	  675.6	 9217.0	...
9488045	  598.3	  675.3	 9217.0	...
9488046	  598.0	  676.9	 9185.0	...
9488047	  598.5	  677.0	 9185.0	...
9488048	  598.5	  677.0	 9152.0	...
9488049	  597.5	  682.6	 9152.0	...
9488050	  597.9	  680.2	 9149.0	...
9488051	  599.8	  678.0	 9145.0	...
9488052	  598.9	  677.9	 9108.0	...
9488053	  598.9	  677.9	 9108.0	...
9488054	  596.2	  685.0	 9108.0	...
9488055	  596.2	  685.0	 9109.0	...
9488056	  592.4	  693.4	 9110.0	...
9488057	  592.8	  689.4	 9110.0	...
9488058	  593.4	  685.4	 9065.0	...
9488059	  593.0	  674.8	 9064.0	...
9488060	  593.0	  674.8	 9064.0	...
9488061	  593.0	  674.6	 9064.0	...
9488062	  584.5	  673.7	 9017.0	...
9488063	  581.7	  673.2	 9017.0	...
9488064	  568.7	  671.7	 9027.0	...
9488065	  560.2	  666.1	 9027.0	...
9488066	  560.7	  661.5	 8982.0	...
9488067	  548.0	  653.7	 8982.0	...
9488068	  534.5	  642.6	 8995.0	...
9488069	  531.8	  642.2	 9009.0	...
9488070	  515.7	  644.6	 9009.0	...
9488071	  515.7	  642.4	 8954.0	...
9488072	  500.9	  639.6	 8955.0	...
9488073	  500.9	  639.6	 8955.0	...
9488074	  502.6	  647.3	 8940.0	...
9488075	  502.6	  646.1	 8880.0	...
9488076	  502.7	  646.1	 8880.0	...
9488077	  502.7	  646.1	 8890.0	...
9488078	  500.8	  645.7	 8890.0	...
9488079	  498.4	  645.2	 8890.0	...
9488080	  497.3	  647.5	 8890.0	...
9488081	  497.7	  647.6	 8891.0	...
9488082	  498.0	  653.9	 8891.0	...
9488083	  497.3	  651.3	 8845.0	...
9488084	  498.3	  649.1	 8844.0	...
9488085	  498.2	  646.7	 8801.0	...
9488086	  502.7	  647.6	 8801.0	...
9488087	  502.4	  639.2	 8794.0	...
9488088	  488.9	  638.6	 8788.0	...
9488089	  488.9	  638.2	 8775.0	...
9488090	  497.1	  640.3	 8762.0	...
9488091	  497.9	  655.5	 8767.0	...
9488092	  497.9	  655.5	 8772.0	...
9488093	  497.2	  641.8	 8772.0	...
9488094	  497.2	  641.8	 8743.0	...
9488095	  494.5	  635.6	 8743.0	...
9488096	  494.4	  634.4	 8743.0	...
9488097	  503.6	  636.4	 8742.0	...
9488098	  504.0	  651.0	 8734.0	...
9488099	  506.9	  651.5	 8727.0	...
9488100	  506.7	  642.7	 8737.0	...
9488101	  504.1	  626.8	 8737.0	...
9488102	  501.7	  626.3	 8692.0	...
9488103	  501.7	  624.9	 8687.0	...
9488104	  501.7	  624.9	 8690.0	...
9488105	  488.2	  625.3	 8693.0	...
9488106	  488.5	  628.9	 8693.0	...
9488107	  505.4	  639.0	 8597.0	...
9488108	  504.9	  648.4	 8588.0	...
9488109	  504.0	  643.7	 8586.0	...
9488110	  503.5	  643.5	 8580.0	...
9488111	  502.9	  643.4	 8580.0	...
9488112	  501.9	  645.7	 8580.0	...
9488113	  502.5	  648.4	 8537.0	...
9488114	  502.5	  648.4	 8537.0	...
9488115	  502.5	  640.9	 8537.0	...
9488116	  502.3	  635.9	 8560.0	...
9488117	  501.5	  641.9	 8560.0	...
9488118	  501.5	  641.9	 8559.0	...
9488119	  501.2	  634.3	 8559.0	...
9488120	  502.4	  637.6	 8559.0	...
9488121	  503.5	  641.0	 8523.0	...
9488122	  503.5	  641.1	 8523.0	...
9488123	  503.5	  641.1	 8500.0	...
9488124	  503.6	  645.0	 8489.0	...
9488125	  504.3	  645.1	 8485.0	...
9488126	  504.0	  632.4	 8482.0	...
9488127	  502.2	  632.1	 8458.0	...
9488128	  500.8	  631.8	 8466.0	...
9488129	  500.7	  628.3	 8466.0	...
9488130	  500.7	  628.3	 8457.0	...
9488131	  495.2	  628.4	 8460.0	...
9488132	  495.2	  628.4	 8460.0	...
9488133	  495.2	  628.0	 8421.0	...
9488134	  494.4	  627.4	 8421.0	...
9488135	  494.7	  634.1	 8401.0	...
9488136	  495.5	  634.2	 8409.0	...
9488137	  496.4	  637.5	 8409.0	...
9488138	  498.0	  637.9	 8401.0	...
9488139	  497.2	  637.7	 8394.0	...
9488140	  497.2	  636.2	 8380.0	...
9488141	  500.1	  635.8	 8358.0	...
9488142	  505.7	  637.0	 8358.0	...
9488143	  504.7	  636.8	 8353.0	...
9488144	  505.1	  641.0	 8348.0	...
9488145	  505.4	  641.1	 8317.0	...
9488146	  505.3	  636.3	 8317.0	...
9488147	  491.7	  628.4	 8339.0	...
9488148	  491.8	  629.3	 8339.0	...
9488149	  503.2	  632.8	 8269.0	...
9488150	  503.2	  632.8	 8263.0	...
9488151	  504.4	  622.1	 8257.0	...
9488152	  504.4	  622.1	 8252.0	...
9488153	  504.2	  639.8	 8247.0	...
9488154	  504.2	  636.4	 8244.0	...
9488155	  506.8	  634.5	 8241.0	...
9488156	  506.8	  634.5	 8229.0	...
9488157	  498.6	  631.6	 8220.0	...
9488158	  498.6	  631.6	 8210.0	...
9488159	  504.7	  632.3	 8205.0	...
9488160	  504.7	  631.6	 8199.0	...
9488161	  504.8	  633.4	 8186.0	...
9488162	  506.5	  635.5	 8172.0	...
9488163	  506.4	  631.6	 8152.0	...
9488164	  506.6	  631.6	 8137.0	...
9488165	  506.8	  640.3	 8098.0	...
9488166	  504.5	  639.9	 8098.0	...
9488167	  504.6	  643.6	 8081.0	...
9488168	  504.6	  643.5	 8070.0	...
9488169	  506.5	  643.8	 8070.0	...
9488170	  506.6	  643.9	 8065.0	...
9488171	  506.5	  640.9	 8065.0	...
9488172	  499.7	  636.4	 8062.0	...
9488173	  499.3	  632.4	 8058.0	...
9488174	  499.1	  626.2	 8031.0	...
9488175	  503.6	  627.1	 8028.0	...
9488176	  504.9	  628.9	 8024.0	...
9488177	  504.9	  628.9	 7992.0	...
9488178	  505.1	  637.1	 7992.0	...
9488179	  496.0	  635.1	 8011.0	...
9488180	  487.3	  603.6	 8053.0	...
9488181	  488.0	  614.0	 8053.0	...
9488182	  497.3	  626.4	 7983.0	...
9488183	  496.7	  632.5	 7988.0	...
9488184	  496.7	  632.5	 7994.0	...
9488185	  498.8	  633.0	 7994.0	...
9488186	  498.7	  629.3	 7977.0	...
9488187	  498.5	  629.2	 7977.0	...
9488188	  498.8	  636.3	 7977.0	...
9488189	  500.0	  636.6	 7939.0	...
9488190	  500.0	  637.3	 7939.0	...
9488191	  501.3	  637.6	 7939.0	...
9488192	  500.8	  618.9	 7954.0	...
9488193	  501.4	  625.6	 7954.0	...
9488194	  501.4	  625.6	 7921.0	...
9488195	  497.4	  629.8	 7921.0	...
9488196	  497.6	  634.9	 7916.0	...
9488197	  495.0	  634.3	 7906.0	...
9488198	  491.3	  612.8	 7905.0	...
9488199	  491.3	  612.8	 7903.0	...
9488200	  494.3	  612.3	 7894.0	...
9488201	  497.2	  611.8	 7885.0	...
9488202	  496.9	  602.8	 7885.0	...
9488203	  496.9	  602.8	 7910.0	...
9488204	  496.9	  602.8	 7910.0	...
9488205	  496.2	  614.8	 7851.0	...
9488206	  496.2	  614.8	 7817.0	...
9488207	  495.3	  607.4	 7817.0	...
9488208	  495.3	  607.4	 7817.0	...
9488209	  499.0	  615.5	 7811.0	...
9488210	  499.1	  619.1	 7805.0	...
9488211	  499.2	  619.2	 7784.0	...
9488212	  499.3	  622.2	 7788.0	...
9488213	  498.5	  622.0	 7792.0	...
9488214	  498.2	  614.4	 7791.0	...
9488215	  500.2	  614.8	 7790.0	...
9488216	  500.2	  616.1	 7731.0	...
9488217	  502.6	  617.8	 7728.0	...
9488218	  502.7	  623.1	 7725.0	...
9488219	  495.1	  621.4	 7729.0	...
9488220	  492.5	  611.8	 7729.0	...
9488221	  492.7	  615.5	 7722.0	...
9488222	  499.2	  617.9	 7710.0	...
9488223	  499.2	  617.9	 7715.0	...
9488224	  498.3	  617.7	 7716.0	...
9488225	  497.2	  608.7	 7716.0	...
9488226	  497.4	  600.1	 7716.0	...
9488227	  497.8	  600.2	 7695.0	...
9488228	  497.7	  634.4	 7695.0	...
9488229	  497.5	  634.4	 7667.0	...
9488230	  496.9	  622.7	 7682.0	...
9488231	  497.2	  628.0	 7682.0	...
9488232	  497.3	  625.7	 7638.0	...
9488233	  497.2	  623.5	 7638.0	...
9488234	  493.5	  621.7	 7635.0	...
9488235	  495.0	  625.0	 7632.0	...
9488236	  495.2	  628.1	 7632.0	...
9488237	  495.6	  636.3	 7597.0	...
9488238	  495.6	  636.3	 7597.0	...
9488239	  495.0	  647.1	 7597.0	...
9488240	  495.0	  647.1	 7593.0	...
9488241	  495.4	  621.4	 7590.0	...
9488242	  495.4	  621.4	 7557.0	...
9488243	  493.9	  621.9	 7530.0	...
9488244	  492.6	  624.3	 7530.0	...
9488245	  492.7	  627.1	 7530.0	...
9488246	  492.9	  627.1	 7541.0	...
9488247	  493.7	  637.2	 7541.0	...
9488248	  494.4	  634.6	 7496.0	...
9488249	  494.3	  631.9	 7496.0	...
9488250	  493.4	  608.1	 7496.0	...
9488251	  493.7	  608.2	 7507.0	...
9488252	  496.3	  631.7	 7507.0	...
9488253	  496.1	  628.4	 7476.0	...
9488254	  498.1	  628.9	 7471.0	...
9488255	  499.9	  620.3	 7471.0	...
9488256	  500.0	  624.6	 7471.0	...
9488257	  501.2	  629.2	 7465.0	...
9488258	  501.0	  623.5	 7484.0	...
9488259	  501.6	  623.6	 7484.0	...
9488260	  501.6	  624.2	 7445.0	...
9488261	  489.5	  621.9	 7455.0	...
9488262	  489.5	  621.9	 7455.0	...
9488263	  488.0	  627.0	 7426.0	...
9488264	  488.0	  627.0	 7426.0	...
9488265	  490.6	  613.7	 7430.0	...
9488266	  500.5	  616.0	 7430.0	...
9488267	  501.2	  639.6	 7372.0	...
9488268	  495.6	  636.0	 7372.0	...
9488269	  496.7	  633.9	 7371.0	...
9488270	  496.1	  621.8	 7370.0	...
9488271	  495.7	  605.2	 7356.0	...
9488272	  495.7	  605.2	 7356.0	...
9488273	  495.7	  605.2	 7347.0	...
9488274	  511.5	  632.7	 7338.0	...
9488275	  511.5	  633.7	 7316.0	...
9488276	  514.5	  654.1	 7293.0	...
9488277	  514.5	  652.6	 7293.0	...
9488278	  506.9	  651.2	 7288.0	...
9488279	  507.1	  660.4	 7284.0	...
9488280	  508.5	  657.7	 7287.0	...
9488281	  510.0	  658.0	 7287.0	...
9488282	  508.2	  654.3	 7277.0	...
9488283	  508.2	  654.3	 7266.0	...
9488284	  511.7	  670.0	 7255.0	...
9488285	  514.8	  668.6	 7242.0	...
9488286	  514.8	  668.6	 7229.0	...
9488287	  516.7	  670.5	 7229.0	...
9488288	  518.6	  672.3	 7215.0	...
9488289	  519.9	  683.4	 7215.0	...
9488290	  519.9	  683.4	 7227.0	...
9488291	  504.3	  678.6	 7227.0	...
9488292	  504.2	  676.5	 7219.0	...
9488293	  504.5	  670.7	 7215.0	...
9488294	  504.8	  662.1	 7215.0	...
9488295	  514.8	  663.9	 7200.0	...
9488296	  521.8	  665.1	 7185.0	...
9488297	  521.7	  668.4	 7181.0	...
9488298	  518.6	  667.9	 7170.0	...
9488299	  518.5	  670.0	 7170.0	...
9488300	  518.5	  670.0	 7169.0	...
9488301	  518.5	  663.7	 7168.0	...
9488302	  508.9	  662.0	 7168.0	...
9488303	  508.3	  648.0	 7157.0	...
9488304	  508.3	  648.0	 7158.0	...
9488305	  516.4	  677.5	 7158.0	...
9488306	  516.4	  676.8	 7123.0	...
9488307	  515.4	  676.6	 7098.0	...
9488308	  515.4	  675.3	 7098.0	...
9488309	  516.6	  674.2	 7102.0	...
9488310	  522.1	  673.9	 7102.0	...
9488311	  522.2	  672.7	 7098.0	...
9488312	  520.0	  671.1	 7098.0	...
9488313	  517.8	  668.9	 7112.0	...
9488314	  518.0	  667.2	 7112.0	...
9488315	  518.0	  669.3	 7071.0	...
9488316	  518.0	  671.5	 7037.0	...
9488317	  518.0	  679.5	 7037.0	...
9488318	  518.0	  679.9	 7057.0	...
9488319	  517.0	  679.7	 7057.0	...
9488320	  515.8	  656.5	 7057.0	...
9488321	  516.3	  660.9	 7060.0	...
9488322	  516.3	  665.2	 7060.0	...
9488323	  519.1	  664.5	 7063.0	...
9488324	  522.1	  665.0	 7063.0	...
9488325	  522.1	  665.0	 7056.0	...
9488326	  522.4	  665.0	 7015.0	...
9488327	  522.5	  662.6	 7015.0	...
9488328	  522.5	  662.6	 6999.0	...
9488329	  521.3	  677.3	 6999.0	...
9488330	  521.3	  677.3	 6999.0	...
9488331	  522.5	  669.1	 6967.0	...
9488332	  525.8	  669.6	 6967.0	...
9488333	  525.8	  669.6	 6967.0	...
9488334	  526.2	  671.2	 6948.0	...
9488335	  526.2	  671.2	 6948.0	...
9488336	  518.0	  666.2	 6941.0	...
9488337	  518.0	  666.7	 6941.0	...
9488338	  514.4	  666.1	 6961.0	...
9488339	  514.3	  655.1	 6961.0	...
9488340	  514.3	  655.1	 6978.0	...
9488341	  514.3	  655.1	 6965.0	...
9488342	  515.1	  658.0	 6965.0	...
9488343	  515.9	  659.0	 6965.0	...
9488344	  517.3	  660.2	 6955.0	...
9488345	  518.7	  666.7	 6944.0	...
9488346	  513.3	  665.8	 6944.0	...
9488347	  513.4	  668.0	 6944.0	...
9488348	  526.1	  670.1	 6935.0	...
9488349	  526.1	  671.1	 6927.0	...
9488350	  525.5	  671.0	 6911.0	...
9488351	  526.7	  669.2	 6884.0	...
9488352	  526.7	  669.2	 6899.0	...
9488353	  521.0	  669.3	 6899.0	...
9488354	  521.0	  669.3	 6896.0	...
9488355	  522.5	  669.6	 6893.0	...
9488356	  522.4	  680.3	 6874.0	...
9488357	  525.6	  680.8	 6874.0	...
9488358	  524.9	  677.0	 6874.0	...
9488359	  524.6	  660.0	 6883.0	...
9488360	  524.0	  660.6	 6883.0	...
9488361	  524.0	  661.3	 6856.0	...
9488362	  524.0	  664.6	 6856.0	...
9488363	  527.4	  668.5	 6836.0	...
9488364	  527.4	  668.5	 6836.0	...
9488365	  525.7	  666.9	 6831.0	...
9488366	  525.7	  666.9	 6831.0	...
9488367	  527.6	  663.2	 6831.0	...
9488368	  528.7	  663.4	 6815.0	...
9488369	  528.4	  670.8	 6815.0	...
9488370	  527.0	  667.6	 6794.0	...
9488371	  527.2	  664.6	 6794.0	...
9488372	  527.5	  661.5	 6813.0	...
9488373	  527.5	  659.9	 6843.0	...
9488374	  529.6	  662.2	 6843.0	...
9488375	  529.6	  662.2	 6807.0	...
9488376	  524.3	  648.8	 6807.0	...
9488377	  526.0	  649.0	 6807.0	...
9488378	  527.1	  666.2	 6816.0	...
9488379	  527.1	  666.2	 6816.0	...
9488380	  525.8	  666.0	 6766.0	...
9488381	  525.8	  666.0	 6758.0	...
9488382	  525.2	  665.9	 6758.0	...
9488383	  525.3	  644.7	 6758.0	...
9488384	  526.2	  644.9	 6736.0	...
9488385	  527.0	  648.3	 6736.0	...
9488386	  526.3	  656.4	 6732.0	...
9488387	  526.1	  654.7	 6728.0	...
9488388	  527.4	  654.8	 6727.0	...
9488389	  528.8	  655.0	 6727.0	...
9488390	  528.8	  654.1	 6729.0	...
9488391	  529.6	  654.2	 6729.0	...
9488392	  530.5	  652.3	 6721.0	...
9488393	  530.5	  652.3	 6721.0	...
9488394	  525.5	  655.6	 6738.0	...
9488395	  525.4	  657.3	 6738.0	...
9488396	  524.2	  657.2	 6739.0	...
9488397	  523.2	  657.0	 6739.0	...
9488398	  523.4	  651.2	 6732.0	...
9488399	  521.9	  651.0	 6732.0	...
9488400	  521.8	  654.8	 6689.0	...
9488401	  525.3	  659.2	 6689.0	...
9488402	  528.7	  669.1	 6688.0	...
9488403	  528.1	  669.1	 6688.0	...
9488404	  528.7	  652.1	 6692.0	...
9488405	  528.7	  652.1	 6692.0	...
9488406	  529.1	  657.0	 6717.0	...
9488407	  529.1	  657.0	 6718.0	...
9488408	  533.4	  583.5	 6718.0	...
9488409	   -1.0	   -1.0	    0.0	...
9488410	   -1.0	   -1.0	    0.0	...
9488411	   -1.0	   -1.0	    0.0	...
9488412	   -1.0	   -1.0	    0.0	...
9488413	   -1.0	   -1.0	    0.0	...
9488414	   -1.0	   -1.0	    0.0	...
9488415	   -1.0	   -1.0	    0.0	...
9488416	  416.4	  369.7	 7000.0	...
9488417	  421.0	  393.2	 7000.0	...
9488418	  365.8	  359.8	 7075.0	...
9488419	  365.8	  359.8	 7075.0	...
9488420	   -1.0	   -1.0	    0.0	...
9488421	   -1.0	   -1.0	    0.0	...
9488422	  527.9	  529.7	 1472.0	...
9488423	  527.9	  529.7	 6731.0	...
9488424	  523.2	  616.2	 6731.0	...
9488425	  521.8	  664.8	 6593.0	...
9488426	  521.8	  664.8	 6572.0	...
9488427	  555.6	  697.3	 6480.0	...
9488428	  593.7	  728.1	 6389.0	...
9488429	  642.4	  774.6	 6334.0	...
9488430	  637.4	  812.8	 6171.0	...
9488431	  695.2	  859.5	 6084.0	...
9488432	  693.6	  919.5	 5979.0	...
9488433	  740.5	  921.5	 5724.0	...
9488434	   -1.0	   -1.0	    0.0	...
9488435	   -1.0	   -1.0	    0.0	...
9488436	   -1.0	   -1.0	    0.0	...
9488437	   -1.0	   -1.0	    0.0	...
9488438	 1339.5	 1107.8	 1621.0	...
9488439	 1339.5	 1107.8	 1621.0	...
9488440	   -1.0	   -1.0	    0.0	...
9488441	   -1.0	   -1.0	    0.0	...
9488442	   -1.0	   -1.0	    0.0	...
9488443	   -1.0	   -1.0	    0.0	...
9488444	   -1.0	   -1.0	    0.0	...
9488445	   -1.0	   -1.0	    0.0	...
9488446	   -1.0	   -1.0	    0.0	...
9488447	   -1.0	   -1.0	    0.0	...
9488448	   -1.0	   -1.0	    0.0	...
9488449	   -1.0	   -1.0	    0.0	...
9488450	   -1.0	   -1.0	    0.0	...
9488451	   -1.0	   -1.0	    0.0	...
9488452	   -1.0	   -1.0	    0.0	...
9488453	   -1.0	   -1.0	    0.0	...
9488454	   -1.0	   -1.0	    0.0	...
9488455	   -1.0	   -1.0	    0.0	...
9488456	   -1.0	   -1.0	    0.0	...
9488457	   -1.0	   -1.0	    0.0	...
9488458	   -1.0	   -1.0	    0.0	...
9488459	   -1.0	   -1.0	    0.0	...
9488460	   -1.0	   -1.0	    0.0	...
9488461	   -1.0	   -1.0	    0.0	...
9488462	   -1.0	   -1.0	    0.0	...
9488463	   -1.0	   -1.0	    0.0	...
9488464	   -1.0	   -1.0	    0.0	...
9488465	   -1.0	   -1.0	    0.0	...
9488466	   -1.0	   -1.0	    0.0	...
9488467	   -1.0	   -1.0	    0.0	...
9488468	   -1.0	   -1.0	    0.0	...
9488469	   -1.0	   -1.0	    0.0	...
9488470	   -1.0	   -1.0	    0.0	...
9488471	   -1.0	   -1.0	    0.0	...
9488472	   -1.0	   -1.0	    0.0	...
9488473	   -1.0	   -1.0	    0.0	...
9488474	   -1.0	   -1.0	    0.0	...
9488475	   -1.0	   -1.0	    0.0	...
9488476	   -1.0	   -1.0	    0.0	...
9488477	   -1.0	   -1.0	    0.0	...
9488478	   -1.0	   -1.0	    0.0	...
9488479	   -1.0	   -1.0	    0.0	...
9488480	   -1.0	   -1.0	    0.0	...
9488481	   -1.0	   -1.0	    0.0	...
9488482	   -1.0	   -1.0	    0.0	...
9488483	   -1.0	   -1.0	    0.0	...
9488484	   -1.0	   -1.0	    0.0	...
9488485	   -1.0	   -1.0	    0.0	...
9488486	   -1.0	   -1.0	    0.0	...
9488487	   -1.0	   -1.0	    0.0	...
9488488	   -1.0	   -1.0	    0.0	...
9488489	   -1.0	   -1.0	    0.0	...
9488490	   -1.0	   -1.0	    0.0	...
9488491	   -1.0	   -1.0	    0.0	...
9488492	   -1.0	   -1.0	    0.0	...
9488493	   -1.0	   -1.0	    0.0	...
9488494	   -1.0	   -1.0	    0.0	...
9488495	   -1.0	   -1.0	    0.0	...
9488496	   -1.0	   -1.0	    0.0	...
9488497	   -1.0	   -1.0	    0.0	...
9488498	   -1.0	   -1.0	    0.0	...
9488499	   -1.0	   -1.0	    0.0	...
9488500	   -1.0	   -1.0	    0.0	...
9488501	   -1.0	   -1.0	    0.0	...
9488502	   -1.0	   -1.0	    0.0	...
9488503	   -1.0	   -1.0	    0.0	...
9488504	   -1.0	   -1.0	    0.0	...
9488505	   -1.0	   -1.0	    0.0	...
9488506	   -1.0	   -1.0	    0.0	...
9488507	   -1.0	   -1.0	    0.0	...
9488508	   -1.0	   -1.0	    0.0	...
9488509	   -1.0	   -1.0	    0.0	...
9488510	   -1.0	   -1.0	    0.0	...
9488511	   -1.0	   -1.0	    0.0	...
9488512	   -1.0	   -1.0	    0.0	...
9488513	   -1.0	   -1.0	    0.0	...
9488514	   -1.0	   -1.0	    0.0	...
9488515	   -1.0	   -1.0	    0.0	...
9488516	   -1.0	   -1.0	    0.0	...
9488517	   -1.0	   -1.0	    0.0	...
9488518	   -1.0	   -1.0	    0.0	...
9488519	   -1.0	   -1.0	    0.0	...
9488520	   -1.0	   -1.0	    0.0	...
9488521	   -1.0	   -1.0	    0.0	...
9488522	   -1.0	   -1.0	    0.0	...
9488523	   -1.0	   -1.0	    0.0	...
9488524	   -1.0	   -1.0	    0.0	...
9488525	   -1.0	   -1.0	    0.0	...
9488526	   -1.0	   -1.0	    0.0	...
9488527	   -1.0	   -1.0	    0.0	...
9488528	   -1.0	   -1.0	    0.0	...
9488529	   -1.0	   -1.0	    0.0	...
9488530	   -1.0	   -1.0	    0.0	...
9488531	   -1.0	   -1.0	    0.0	...
9488532	   -1.0	   -1.0	    0.0	...
9488533	   -1.0	   -1.0	    0.0	...
9488534	   -1.0	   -1.0	    0.0	...
9488535	   -1.0	   -1.0	    0.0	...
9488536	   -1.0	   -1.0	    0.0	...
9488537	   -1.0	   -1.0	    0.0	...
9488538	   -1.0	   -1.0	    0.0	...
9488539	   -1.0	   -1.0	    0.0	...
9488540	   -1.0	   -1.0	    0.0	...
9488541	   -1.0	   -1.0	    0.0	...
9488542	   -1.0	   -1.0	    0.0	...
9488543	   -1.0	   -1.0	    0.0	...
9488544	   -1.0	   -1.0	    0.0	...
9488545	   -1.0	   -1.0	    0.0	...
9488546	   -1.0	   -1.0	    0.0	...
9488547	   -1.0	   -1.0	    0.0	...
9488548	   -1.0	   -1.0	    0.0	...
9488549	   -1.0	   -1.0	    0.0	...
9488550	   -1.0	   -1.0	    0.0	...
9488551	   -1.0	   -1.0	    0.0	...
9488552	   -1.0	   -1.0	    0.0	...
9488553	   -1.0	   -1.0	    0.0	...
9488554	   -1.0	   -1.0	    0.0	...
9488555	   -1.0	   -1.0	    0.0	...
9488556	   -1.0	   -1.0	    0.0	...
9488557	   -1.0	   -1.0	    0.0	...
9488558	   -1.0	   -1.0	    0.0	...
9488559	   -1.0	   -1.0	    0.0	...
9488560	   -1.0	   -1.0	    0.0	...
9488561	   -1.0	   -1.0	    0.0	...
9488562	   -1.0	   -1.0	    0.0	...
9488563	   -1.0	   -1.0	    0.0	...
9488564	   -1.0	   -1.0	    0.0	...
9488565	   -1.0	   -1.0	    0.0	...
9488566	   -1.0	   -1.0	    0.0	...
9488567	   -1.0	   -1.0	    0.0	...
9488568	   -1.0	   -1.0	    0.0	...
9488569	   -1.0	   -1.0	    0.0	...
9488570	   -1.0	   -1.0	    0.0	...
9488571	   -1.0	   -1.0	    0.0	...
9488572	   -1.0	   -1.0	    0.0	...
9488573	   -1.0	   -1.0	    0.0	...
9488574	   -1.0	   -1.0	    0.0	...
9488575	   -1.0	   -1.0	    0.0	...
9488576	   -1.0	   -1.0	    0.0	...
9488577	   -1.0	   -1.0	    0.0	...
9488578	   -1.0	   -1.0	    0.0	...
9488579	   -1.0	   -1.0	    0.0	...
9488580	   -1.0	   -1.0	    0.0	...
9488581	   -1.0	   -1.0	    0.0	...
9488582	 1015.4	 1158.2	 5663.0	...
9488583	 1015.4	 1158.2	 5663.0	...
9488584	 1007.9	 1144.8	 5617.0	...
9488585	   -1.0	   -1.0	    0.0	...
9488586	   -1.0	   -1.0	    0.0	...
9488587	   -1.0	   -1.0	    0.0	...
9488588	   -1.0	   -1.0	    0.0	...
9488589	   -1.0	   -1.0	    0.0	...
9488590	   -1.0	   -1.0	    0.0	...
9488591	   -1.0	   -1.0	    0.0	...
9488592	   -1.0	   -1.0	    0.0	...
9488593	   -1.0	   -1.0	    0.0	...
9488594	   -1.0	   -1.0	    0.0	...
9488595	   -1.0	   -1.0	    0.0	...
9488596	   -1.0	   -1.0	    0.0	...
9488597	   -1.0	   -1.0	    0.0	...
9488598	   -1.0	   -1.0	    0.0	...
9488599	   -1.0	   -1.0	    0.0	...
9488600	   -1.0	   -1.0	    0.0	...
9488601	   -1.0	   -1.0	    0.0	...
9488602	   -1.0	   -1.0	    0.0	...
9488603	   -1.0	   -1.0	    0.0	...
9488604	   -1.0	   -1.0	    0.0	...
9488605	  589.2	  740.2	 6832.0	...
9488606	  589.2	  740.2	 6832.0	...
9488607	  589.2	  740.2	 6832.0	...
9488608	   -1.0	   -1.0	    0.0	...
9488609	   -1.0	   -1.0	    0.0	...
9488610	   -1.0	   -1.0	    0.0	...
9488611	   -1.0	   -1.0	    0.0	...
9488612	   -1.0	   -1.0	    0.0	...
9488613	   -1.0	   -1.0	    0.0	...
9488614	   -1.0	   -1.0	    0.0	...
9488615	   -1.0	   -1.0	    0.0	...
9488616	   -1.0	   -1.0	    0.0	...
9488617	   -1.0	   -1.0	    0.0	...
9488618	   -1.0	   -1.0	    0.0	...
9488619	   -1.0	   -1.0	    0.0	...
9488620	   -1.0	   -1.0	    0.0	...
9488621	   -1.0	   -1.0	    0.0	...
9488622	   -1.0	   -1.0	    0.0	...
9488623	   -1.0	   -1.0	    0.0	...
9488624	   -1.0	   -1.0	    0.0	...
9488625	   -1.0	   -1.0	    0.0	...
9488626	   -1.0	   -1.0	    0.0	...
9488627	   -1.0	   -1.0	    0.0	...
9488628	  713.5	  439.4	 7041.0	...
9488629	  713.5	  439.4	 7041.0	...
9488630	  464.1	  380.8	 7177.0	...
9488631	  464.1	  380.8	 7177.0	...
9488632	  464.1	  380.8	 7177.0	...
9488633	   -1.0	   -1.0	    0.0	...
9488634	   -1.0	   -1.0	    0.0	...
9488635	   -1.0	   -1.0	    0.0	...
9488636	   -1.0	   -1.0	    0.0	...
9488637	   -1.0	   -1.0	    0.0	...
9488638	   -1.0	   -1.0	    0.0	...
9488639	   -1.0	   -1.0	    0.0	...
9488640	   -1.0	   -1.0	    0.0	...
9488641	  958.9	  424.3	 6744.0	...
9488642	  958.9	  424.3	 6744.0	...
9488643	   -1.0	   -1.0	    0.0	...
9488644	   -1.0	   -1.0	    0.0	...
9488645	  809.4	  754.9	 6233.0	...
9488646	  809.4	  754.9	 6233.0	...
9488647	  809.4	  754.9	 6216.0	...
9488648	  797.2	  784.5	 6204.0	...
9488649	  786.4	  813.1	 6191.0	...
9488650	  788.7	  813.2	 6189.0	...
9488651	  790.9	  813.3	 6188.0	...
9488652	  784.3	  810.9	 6191.0	...
9488653	  784.3	  810.9	 6191.0	...
9488654	  779.6	  814.1	 6174.0	...
9488655	  778.9	  817.6	 6171.0	...
9488656	  787.9	  819.2	 6171.0	...
9488657	  787.7	  820.4	 6171.0	...
9488658	  785.3	  832.8	 6140.0	...
9488659	  787.5	  832.9	 6134.0	...
9488660	  787.5	  834.3	 6127.0	...
9488661	  787.5	  834.3	 6136.0	...
9488662	  786.4	  833.6	 6145.0	...
9488663	  778.1	  832.5	 6145.0	...
9488664	  777.7	  834.5	 6179.0	...
9488665	  772.4	  834.3	 6179.0	...
9488666	  779.1	  811.8	 6179.0	...
9488667	  781.5	  811.9	 6156.0	...
9488668	  785.7	  822.9	 6153.0	...
9488669	  786.1	  820.5	 6151.0	...
9488670	  786.2	  820.4	 6147.0	...
9488671	  801.2	  821.1	 6154.0	...
9488672	  800.1	  826.7	 6154.0	...
9488673	  799.2	  826.7	 6140.0	...
9488674	  798.7	  824.6	 6147.0	...
9488675	  787.7	  822.0	 6147.0	...
9488676	  787.7	  822.0	 6127.0	...
9488677	  801.0	  831.8	 6127.0	...
9488678	  800.9	  832.2	 6133.0	...
9488679	  786.8	  831.6	 6133.0	...
9488680	  786.8	  831.6	 6097.0	...
9488681	  790.0	  831.7	 6097.0	...
9488682	  789.1	  831.7	 6097.0	...
9488683	  788.1	  832.0	 6123.0	...
9488684	  790.3	  832.1	 6123.0	...
9488685	  789.7	  831.2	 6099.0	...
9488686	  789.7	  831.2	 6099.0	...
9488687	  789.2	  833.9	 6093.0	...
9488688	  792.8	  834.1	 6093.0	...
9488689	  795.0	  822.4	 6083.0	...
9488690	  780.1	  821.7	 6083.0	...
9488691	  780.4	  819.7	 6081.0	...
9488692	  793.9	  820.4	 6081.0	...
9488693	  793.5	  831.1	 6104.0	...
9488694	  793.5	  831.1	 6104.0	...
9488695	  796.8	  828.0	 6104.0	...
9488696	  796.8	  828.0	 6104.0	...
9488697	  793.9	  830.4	 6104.0	...
9488698	  794.1	  829.2	 6064.0	...
9488699	  794.1	  829.2	 6040.0	...
9488700	  792.2	  829.8	 6040.0	...
9488701	  792.8	  830.6	 6040.0	...
9488702	  793.3	  827.8	 6049.0	...
9488703	  786.3	  827.5	 6049.0	...
9488704	  786.8	  827.5	 6049.0	...
9488705	  787.3	  827.5	 6047.0	...
9488706	  786.7	  830.6	 6047.0	...
9488707	  786.8	  830.1	 6047.0	...
9488708	  782.8	  829.9	 6030.0	...
9488709	  779.0	  828.9	 6023.0	...
9488710	  778.7	  828.8	 6004.0	...
9488711	  778.7	  828.8	 6004.0	...
9488712	  780.6	  818.6	 6035.0	...
9488713	  780.6	  818.6	 6035.0	...
9488714	  793.2	  833.7	 6025.0	...
9488715	  793.2	  833.7	 6025.0	...
9488716	  795.1	  834.4	 6027.0	...
9488717	  795.1	  834.4	 6030.0	...
9488718	  801.5	  830.0	 6063.0	...
9488719	  802.4	  825.4	 6090.0	...
9488720	  789.2	  826.1	 6090.0	...
9488721	  789.2	  826.3	 6080.0	...
9488722	  785.5	  826.1	 6071.0	...
9488723	  780.7	  831.3	 6071.0	...
9488724	  773.8	  830.9	 6069.0	...
9488725	  776.9	  831.1	 6068.0	...
9488726	  779.9	  831.2	 6075.0	...
9488727	  781.6	  820.9	 6075.0	...
9488728	  781.9	  819.8	 6032.0	...
9488729	  783.4	  818.7	 6032.0	...
9488730	  783.4	  818.7	 6055.0	...
9488731	  783.9	  82